00000000101100000000001110000010
00000000001000000000001100000010
00000000000001000000010010000001
00000000010001000000100100000001
00000001001001001001001010000000
00000000000100110000001100000010
00000000010001000000010000000010
00000010000000101000011000001001
00000010011100110000110000001100
00000000010001000000010010000001
00000001000000000000000000001000
00000100011100110000000000001100
00000000010001000000100100000001
00000001000000000000000000001000
00000000000010010000010100000010
00000001001000000000000000001000
00000000000001001000010100000010